f01
0 0 0 0 0 0 0 0 0 0 0 0
0 0 0 0 0 0 0 0 0 0 0 0
0 0 0 0 0 0 0 0 0 0 0 0
0 0 0 0 0 0 0 0 0 0 0 0
1 1 1 1 1 1 1 1 1 1 0 0
0 0 0 0 0 0 0 0 0 0 0 0
0 0 0 0 0 0 0 0 0 0 0 0
0 0 0 0 0 0 0 0 0 0 0 0
0 0 0 0 0 0 0 0 0 0 0 0
0 0 0 0 0 0 0 0 0 0 0 0
f05
1 1 1 1 0 1 0 1 1 1 1 1
1 1 1 0 0 1 0 1 1 1 1 1
1 1 1 1 0 1 0 1 1 1 1 1
1 1 1 1 1 1 0 1 1 1 1 1
1 0 1 1 1 1 0 1 1 1 1 1
1 0 1 1 1 1 0 1 1 1 1 1
1 0 1 0 0 1 0 1 1 1 1 1
1 0 1 0 0 1 0 1 1 1 1 1
1 0 1 0 0 1 0 1 1 1 1 1
1 0 1 0 0 1 0 1 1 1 1 1
f03
1 1 1 0 0 1 0 1 1 1 1 1
1 0 1 0 0 1 0 1 1 1 1 1
1 0 1 0 1 1 0 1 1 1 1 1
1 0 1 0 0 1 0 1 1 1 1 1
1 1 1 1 1 1 0 1 1 1 1 1
1 0 1 1 1 1 0 1 1 1 1 1
1 0 1 0 1 1 0 1 1 1 1 1
1 0 1 1 1 1 0 1 1 1 1 1
1 0 1 0 0 1 0 1 1 1 1 1
1 0 1 0 0 1 0 1 1 1 1 1
f04
1 1 1 0 0 1 0 1 1 1 1 1
1 0 1 0 0 1 0 1 1 1 1 1
1 0 1 0 0 1 1 1 1 1 1 1
1 0 1 1 1 1 0 1 1 1 1 1
1 0 1 0 1 1 0 1 1 1 1 1
1 0 1 0 0 1 0 1 1 1 1 1
1 0 1 0 0 1 0 1 1 1 1 1
1 0 1 0 0 1 0 1 1 1 1 1
1 0 1 0 0 1 0 1 1 1 1 1
1 0 1 0 0 1 0 1 1 1 1 1
f05
1 1 1 0 0 1 0 1 1 1 1 1
1 0 1 0 0 1 0 1 1 1 1 1
1 0 1 0 0 1 0 1 1 1 1 1
1 0 1 0 1 1 0 1 1 1 1 1
1 1 1 1 1 1 0 1 1 1 1 1
1 0 1 0 0 1 0 1 1 1 1 1
1 0 1 0 0 1 0 1 1 1 1 1
1 0 1 0 0 1 0 1 1 1 1 1
1 0 1 0 0 1 0 1 1 1 1 1
1 0 1 0 0 1 0 1 1 1 1 1
f06
1 0 1 0 0 1 0 1 1 1 1 1
1 0 1 0 0 1 0 1 1 1 1 1
1 0 1 0 0 1 0 1 1 1 1 1
1 0 1 0 0 1 0 1 1 1 1 1
1 0 1 0 0 1 0 1 1 1 1 1
1 0 1 1 1 1 0 1 1 1 1 1
1 0 1 1 1 1 0 1 1 1 1 1
1 0 1 0 0 1 0 1 1 1 1 1
1 0 1 0 0 1 0 1 1 1 1 1
1 0 1 0 0 1 0 1 1 1 1 1
f07
1 0 1 0 0 1 0 1 1 1 1 1
1 0 1 0 0 1 0 1 1 1 1 1
1 0 1 0 0 1 0 1 1 1 1 1
1 0 1 1 1 1 0 1 1 1 1 1
1 0 1 1 1 1 0 1 1 1 1 1
1 0 1 1 1 1 0 1 1 1 1 1
1 0 1 0 0 1 0 1 1 1 1 1
1 0 1 0 0 1 0 1 1 1 1 1
1 0 1 0 0 1 0 1 1 1 1 1
1 0 1 0 0 1 0 1 1 1 1 1
f08
1 0 1 0 0 1 0 1 1 1 1 1
1 0 1 0 0 1 0 1 1 1 1 1
1 0 1 0 0 1 0 1 1 1 1 1
1 0 1 0 0 1 0 1 1 1 1 1
1 0 1 0 0 1 0 1 1 1 1 1
1 0 1 0 0 1 0 1 1 1 1 1
1 0 1 0 0 1 0 1 1 1 1 1
1 0 1 0 0 1 0 1 1 1 1 1
1 0 1 0 0 1 0 1 1 1 1 1
1 0 1 0 0 1 0 1 1 1 1 1
f09
1 0 1 0 0 1 0 1 1 1 1 1
1 0 1 0 0 1 0 1 1 1 1 1
1 0 1 0 0 1 0 1 1 1 1 1
1 0 1 0 0 1 0 1 1 1 1 1
1 0 1 0 0 1 0 1 1 1 1 1
1 0 1 0 0 1 0 1 1 1 1 1
1 0 1 0 0 1 0 1 1 1 1 1
1 0 1 0 0 1 0 1 1 1 1 1
1 0 1 0 0 1 0 1 1 1 1 1
1 0 1 0 0 1 0 1 1 1 1 1
f10
1 0 1 0 0 1 1 1 1 1 1 1
1 1 1 1 0 1 1 1 1 1 1 1
1 0 1 0 0 1 0 1 1 1 1 1
1 0 1 0 0 1 0 1 1 1 1 1
1 0 1 0 0 1 0 1 1 1 1 1
1 0 1 0 0 1 1 1 1 1 1 1
1 0 1 0 0 1 0 1 1 1 1 1
1 0 1 0 0 1 0 1 1 1 1 1
1 0 1 0 0 1 0 1 1 1 1 1
1 0 1 0 0 1 0 1 1 1 1 1
