goi y 1
1 0 1 0 0 1 0 1 1 1 1 1 
1 0 1 0 0 1 0 1 1 1 1 1 
1 0 1 0 0 1 0 1 1 1 1 1 
1 0 1 3 3 1 0 1 1 1 1 1 
1 0 1 3 3 1 0 1 1 1 1 1 
1 0 1 0 0 1 0 1 1 1 1 1 
1 0 1 0 0 1 0 1 1 1 1 1 
1 0 1 0 0 1 0 1 1 1 1 1 
1 0 1 0 0 1 0 1 1 1 1 1 
1 0 1 0 0 1 0 1 1 1 1 1 
goi y 2
1 0 1 3 3 1 0 1 1 1 1 1 
1 0 1 3 3 1 0 1 1 1 1 1 
1 0 1 0 0 1 0 1 1 1 1 1 
1 0 1 0 0 1 0 1 1 1 1 1 
1 0 1 0 0 1 0 1 1 1 1 1 
1 0 1 0 0 1 0 1 1 1 1 1 
1 0 1 0 0 1 0 1 1 1 1 1 
1 0 1 0 0 1 0 1 1 1 1 1 
1 0 1 0 0 1 0 1 1 1 1 1 
1 0 1 0 0 1 0 1 1 1 1 1 
goi y 3
1 0 1 0 0 1 0 1 1 1 1 1 
1 0 1 0 0 1 0 1 1 1 1 1 
1 0 1 0 0 1 0 1 1 1 1 1 
1 0 1 0 0 1 0 1 1 1 1 1 
1 0 1 0 0 1 0 1 1 1 1 1 
1 0 1 3 3 1 0 1 1 1 1 1 
1 0 1 3 3 1 0 1 1 1 1 1 
1 0 1 0 0 1 0 1 1 1 1 1 
1 0 1 0 0 1 0 1 1 1 1 1 
1 0 1 0 0 1 0 1 1 1 1 1 
